Timestamp;taskTime;taskDistance;taskVelocity
14.9260617;7.8056693;1.280625
28.7767059;13.8506442;2.149999
42.1686549;13.391949;3.899998
136.8331049;94.66445;3.899998
146.0033668;9.1702619;3.899998
152.5382024;6.5348356;3.899998
160.3116285;7.7734261;3.899998
170.0524018;9.7407733;3.899998
177.5693542;7.5169524;3.899998
185.5114245;7.9420703;3.899998
200.7137424;15.2023179;3.899998
211.760539;11.0467966;3.899998
221.5229314;9.7623924;3.899998
230.2134251;8.6904937;3.899998
