Timestamp;taskTime;taskDistance;taskVelocity
4.5119418;1.2277494;1.280625
17.4468578;12.9344142;2.149999
26.0479325;8.6010747;3.899998
44.9359474;18.8880149;3.899998
55.2521284;10.3156794;3.899998
64.7067341;9.4546057;3.899998
74.3465138;9.6397797;3.899998
83.6842363;9.3377225;3.899998
96.3171896;12.6329533;3.899998
105.6557174;9.3385278;3.899998
114.8370257;9.1813083;3.899998
123.3702262;8.5332005;3.899998
