Timestamp;taskTime;taskDistance;taskVelocity
23.6916821;0;1.171367
52.3631268;28.6709435;2.339999
65.3537781;12.9906513;3.899998
75.7640301;10.410252;3.899998
85.9286363;10.1646062;3.899998
100.2708969;14.341759;3.899998
113.4966546;13.2257577;3.899998
125.2364502;11.7397956;3.899998
136.9978117;11.7613615;3.899998
146.2800668;9.2822551;3.899998
155.4063959;9.1263291;3.899998
164.6440251;9.2376292;3.899998
176.3567487;11.7122225;3.899998
185.7603237;9.403575;3.899998
