Timestamp;taskTime;taskDistance;taskVelocity
13.5665721;0;1.280625
80.5846865;67.0181144;2.149999
108.5210636;27.9363771;3.899998
122.7744724;14.2529077;3.899998
132.7381943;9.9637219;3.899998
144.3320281;11.5938338;3.899998
155.6476302;11.3156021;3.899998
168.2812159;12.6335857;3.899998
179.1155374;10.8343215;3.899998
190.576479;11.4609416;3.899998
201.7565932;11.1801142;3.899998
212.558189;10.8015958;3.899998
223.0243795;10.4661905;3.899998
235.8252442;12.8008647;3.899998
