Timestamp;taskTime;taskDistance;taskVelocity
4.657837;0;1.280625
20.8983701;16.2405331;2.149999
44.7796377;23.8812676;3.899998
51.8398385;7.0602008;3.899998
59.2554993;7.4156608;3.899998
65.4995379;6.2440386;3.899998
72.4238785;6.9243406;3.899998
79.5392441;7.1153656;3.899998
86.9458791;7.406134;3.899998
93.5909803;6.6451012;3.899998
101.1755701;7.5845898;3.899998
109.0730923;7.8975222;3.899998
117.3053983;8.232306;3.899998
125.0459096;7.7405113;3.899998
