Timestamp;taskTime;taskDistance;taskVelocity
76.7347679;3.8080995;1.171367
89.2334151;12.4986472;2.339999
109.5173964;20.2839813;3.899998
124.3397156;14.8223192;3.899998
142.1454808;17.8057652;3.899998
157.2239894;15.0785086;3.899998
170.8593225;13.6353331;3.899998
186.1880873;15.3287648;3.899998
199.3683266;13.1802393;3.899998
211.6058552;12.2375286;3.899998
228.6897281;17.0838729;3.899998
237.2340944;8.5443663;3.899998
