Timestamp;taskTime;taskDistance;taskVelocity
29.2771285;0;1.280625
40.1436915;10.866563;2.149999
48.8229036;8.6792121;3.899998
75.3629212;26.5400176;3.899998
84.3765285;9.0136073;3.899998
91.3702327;6.9937042;3.899998
100.4064079;9.0361752;3.899998
109.398457;8.9920491;3.899998
117.86526;8.466803;3.899998
126.1649651;8.2997051;3.899998
137.2004033;11.0354382;3.899998
145.9979328;8.7975295;3.899998
154.7491068;8.7506732;3.899998
