Timestamp;taskTime;taskDistance;taskVelocity
73.0176482;0.6692801;1.280625
93.2969134;20.2792652;2.149999
110.7437388;17.4468254;3.899998
134.3910062;23.6472674;3.899998
149.8725399;15.4815337;3.899998
163.4543097;13.5817698;3.899998
184.3093387;20.855029;3.899998
197.8136834;13.5043447;3.899998
216.1545783;18.3408949;3.899998
