Timestamp;taskTime;taskDistance;taskVelocity
63630123569.1422;16.0836689;1.280625
63630123575.1401;5.9974053;1.237906
63630123578.6589;3.5188322;2.450106
63630123580.7029;2.0439205;2.022347
63630123583.8081;3.1052364;0.932885
63630123590.7114;6.9033071;1.686946
63630123592.3307;1.6192944;0.8333048
63630123595.8049;3.4742142;1.887524
63630123598.6754;2.8704994;0.4728453
63630123601.4568;2.7813764;1.898882
63630123601.4678;0.0110291;0.650032
63630123606.7849;5.3171055;0.8600708
