Timestamp;taskTime;taskDistance;taskVelocity
16.151985;0.6798893;1.280625
20.3855881;4.2336031;1.195743
30.2373826;9.8517945;1.174628
32.684031;2.4466484;1.672902
38.7154462;6.0314152;1.770497
44.7028921;5.9874459;1.283383
49.2488327;4.5459406;1.926782
51.5053947;2.256562;0.6780517
55.4814708;3.9760761;1.431731
