Timestamp;taskTime;taskDistance;taskVelocity
63.3039424;0.0005012;1.280625
83.6304214;20.326479;2.149999
98.196604;14.5661826;3.899998
107.3885097;9.1919057;3.899998
118.1556069;10.7670972;3.899998
129.4711513;11.3155444;3.899998
139.7253845;10.2542332;3.899998
148.6611096;8.9357251;3.899998
178.4174383;29.7563287;3.899998
187.1641727;8.7467344;3.899998
196.3796501;9.2154774;3.899998
205.5936146;9.2139645;3.899998
