Timestamp;taskTime;taskDistance;taskVelocity
25.7931262;0;1.171367
66.8772511;41.0836236;2.339999
83.0292392;16.1519881;3.899998
90.6022151;7.5729759;3.899998
101.8611606;11.2589455;3.899998
111.3900135;9.5288529;3.899998
128.7867169;17.3967034;3.899998
139.4146817;10.6279648;3.899998
149.8249199;10.4102382;3.899998
158.8498685;9.0249486;3.899998
168.4341033;9.5842348;3.899998
177.7609849;9.3268816;3.899998
198.1457756;20.3847907;3.899998
208.2325659;10.0867903;3.899998
