Timestamp;taskTime;taskDistance;taskVelocity
6.7719448;0.0005013;1.280625
13.1603514;6.3884066;2.149999
27.9494902;14.7891388;3.899998
37.0195012;9.070011;3.899998
47.1713841;10.1518829;3.899998
55.6378002;8.4664161;3.899998
62.8884886;7.2506884;3.899998
70.9077116;8.019223;3.899998
79.7882131;8.8805015;3.899998
90.3997962;10.6115831;3.899998
99.6593392;9.259543;3.899998
110.1360657;10.4767265;3.899998
119.8322353;9.6961696;3.899998
