Timestamp;taskTime;taskDistance;taskVelocity
36.8313817;0;1.171367
46.1353784;9.3034954;2.339999
71.5473096;25.4119312;3.899998
89.3297448;17.7824352;3.899998
102.0179107;12.6881659;3.899998
125.8440035;23.8260928;3.899998
146.5312275;20.687224;3.899998
156.1818874;9.6506599;3.899998
192.2711751;36.0892877;3.899998
204.4354752;12.1643001;3.899998
214.9573658;10.5218906;3.899998
225.9485377;10.9911719;3.899998
239.4308723;13.4823346;3.899998
