Timestamp;taskTime;taskDistance;taskVelocity
44.0192878;8.0944762;1.280625
55.3122479;11.2929601;2.149999
67.9558234;12.6435755;3.899998
76.0428059;8.0869825;3.899998
83.2805075;7.2377016;3.899998
90.8768541;7.5963466;3.899998
99.0866358;8.2097817;3.899998
108.6028819;9.5162461;3.899998
116.4115996;7.8087177;3.899998
124.2524108;7.8408112;3.899998
131.0308951;6.7784843;3.899998
