Timestamp;taskTime;taskDistance;taskVelocity
19.1370271;15.2309145;1.280625
35.0324975;15.8954704;2.149999
62.8252574;27.7927599;3.899998
80.0390501;17.2137927;3.899998
97.1525615;17.1135114;3.899998
121.7939267;24.6413652;3.899998
135.9018309;14.1079042;3.899998
192.3345195;56.4326886;3.899998
206.3977878;14.0632683;3.899998
225.5547469;19.1569591;3.899998
