Timestamp;taskTime;taskDistance;taskVelocity
52.4735557;27.324917;1.280625
67.3048607;14.831305;2.149999
75.7620442;8.4571835;3.899998
83.7596447;7.9976005;3.899998
93.1751355;9.4154908;3.899998
102.2908971;9.1157616;3.899998
110.8474283;8.5565312;3.899998
119.5031661;8.6557378;3.899998
127.7586994;8.2555333;3.899998
136.0366609;8.2779615;3.899998
147.3282506;11.2915897;3.899998
157.5927085;10.2644579;3.899998
168.5237229;10.9310144;3.899998
177.3411144;8.8173915;3.899998
